-156 -0.0089205
-0.0127127
0.0133353
-0.0262648
-0.0199172
0.0118544
0.0232715
-0.0117797
-0.0188356
0.0775284
0.0306977
0.00341822
-0.00456454
-0.00434025
0.0691121
-0.0104423
0.000919387
-0.0214478
-0.0883476
0.00854323
0.0783209
-0.00611773
-0.110579
-0.00488477
0.0529491
-0.022053
-0.00914925
0.0412095
0.018117
-0.0380118
0.0500159
-0.0592735
0.0263292
0.0189604
-0.035894
0.0694926
-0.126573
-0.0754865
0.0968311
-0.0677133
-0.0756925
-0.0136513
0.0765381
-0.0277104
-0.142037
0.00551632
-0.00437208
0.0049525
0.0962896
0.00646422
0.0658599
-0.061748
-0.00381829
0.237
-0.0678447
-0.0433115
0.0223707
-0.0245244
-0.0605806
-0.119264
0.0745731
0.0556225
0.00658086
-0.0555521
-0.0151929
0.00419174
-0.0632774
0.189097
0.0692141
-0.176515
0.00806119
0.0364342
-0.153842
-0.122024
0.0759711
0.133122
-0.0170797
-0.180853
-0.0483558
-0.0162763
0.0194955
0.041852
0.0293146
-0.0080034
-0.0745325
0.00879757
-0.0782599
-0.00401539
-0.0244297
-0.0826058
0.0628358
-0.0724041
0.103429
0.0903191
0.0514334
-0.00593658
0.0808375
0.0679854
-0.175179
-0.0083735
0.00211965
0.129664
0.126969
0.0120172
-0.0442115
-0.0198037
0.132969
-0.0266735
0.0855013
0.105617
-0.0305556
0.136355
-0.0185918
-0.0775973
-0.0557809
-0.0693182
-0.01454
-0.0516562
0.182683
-0.105924
-0.00867846
0.14853
-0.0167193
0.0169166
-0.0782182
0.0150434
0.030986
0.073028
0.00747323
-0.00615805
-0.0817397
-0.0461645
0.0055804
-0.0593678
-0.0339486
0.206925
0.0379173
-0.0114695
0.0686796
-0.0349962
0.000645899
-0.0603554
-0.089528
0.128445
0.0466341
-0.00914777
0.103164
0.0119798
0.0587635
-0.0827734
-0.0549756
0.114522
0.0431352
0.156043
-0.00685655
-0.090022
-0.0279278
-0.103658
0.028602
-0.108482
0.0599044
-0.0216828
0.0085779
0.0340094
-0.0801577
0.0546012
-0.0392897
-0.0431518
0.00236083
0.0184951
0.0549434
-0.0988038
-0.0407389
0.022054
-0.112455
0.0451452
-0.0752524
0.0179445
0.0413264
-0.0382415
-0.0219805
-0.0428057
0.0432947
-0.061141
-0.000782493
0.0109311
-0.00573715
-0.0223056
-0.0180915
0.00787409
-0.000346844
-0.0128877
-0.0129697
0.0215641
0.0228899
-0.0112451
-0.0188953
0.0332654
-0.0157852
